0.02
0.04
0.07
0.1
0.12
0.15
0.18
0.2
0.23
0.26
0.28
0.31
0.34
0.36
0.39
0.42
0.44
0.47
0.5
0.52
0.55
0.58
0.6
0.63
0.65
0.68
0.71
0.73
0.76
0.79
0.81
0.84
0.87
0.89
0.92
0.95
0.97
1
1.03
1.05
1.08
1.11
1.13
1.16
1.19
1.21
1.24
1.26
1.29
1.32
1.34
1.37
1.4
1.42
1.45
1.48
1.5
1.53
1.56
1.58
1.61
1.64
1.66
1.69
1.72
1.74
1.77
1.8
1.82
1.85
1.88
1.9
1.93
1.95
1.98
2.01
2.03
2.06
2.09
2.11
2.14
2.17
2.19
2.22
2.25
2.27
2.3
2.33
2.35
2.38
2.41
2.43
2.46
2.49
2.51
2.54
2.56
2.59
2.62
2.64
2.67
2.7
2.72
2.75
2.78
2.8
2.83
2.86
2.88
2.91
2.94
2.96
2.99
3.02
3.04
3.07
3.1
3.12
3.15
3.18
3.2
3.23
3.25
3.28
3.31
3.33
3.36
3.39
3.41
3.44
3.47
3.49
3.52
3.55
3.57
3.6
3.63
3.65
3.68
3.71
3.73
3.76
3.79
3.81
3.84
3.86
3.89
3.92
3.94
3.97
4
4.02
4.05
4.08
4.1
4.13
4.16
4.18
4.21
4.24
4.26
4.29
4.32
4.34
4.37
4.4
4.42
4.45
4.48
4.5
4.53
4.55
4.58
4.61
4.63
4.66
4.69
4.71
4.74
4.77
4.79
4.82
4.85
4.87
4.9
4.93
4.95
4.98
5.01
5.03
5.06
5.09
5.11
5.14
5.16
5.19
5.22
5.24
5.27
5.3
5.32
5.35
5.38
5.4
5.43
5.46
5.48
5.51
5.54
5.56
5.59
5.62
5.64
5.67
5.7
5.72
5.75
5.78
5.8
5.83
5.85
5.88
5.91
5.93
5.96
5.99
6.01
6.04
6.07
6.09
6.12
6.15
6.17
6.2
6.23
6.25
6.28
6.31
6.33
6.36
6.39
6.41
6.44
6.47
6.49
6.52
6.54
6.57
6.6
6.62
6.65
6.68
6.7
6.73
6.76
6.78
6.81
6.84
6.86
6.89
6.92
6.94
6.97
7
7.02
7.05
7.08
7.1
7.13
7.15
7.18
7.21
7.23
7.26
7.29
7.31
7.34
7.37
7.39
7.42
7.45
7.47
7.5
7.53
7.55
7.58
7.61
7.63
7.66
7.69
7.71
7.74
7.77
7.79
7.82
7.84
7.87
7.9
7.92
7.95
7.98
8
8.03
8.06
8.08
8.11
8.14
8.16
8.19
8.22
8.24
8.27
8.3
8.32
8.35
8.38
8.4
8.43
8.45
8.48
8.51
8.53
8.56
8.59
8.61
8.64
8.67
8.69
8.72
8.75
8.77
8.8
8.83
8.85
8.88
8.91
8.93
8.96
8.99
9.01
9.04
9.07
9.09
9.12
9.14
9.17
9.2
9.22
9.25
9.28
9.3
9.33
9.36
9.38
9.41
9.44
9.46
9.49
9.52
9.54
9.57
9.6
9.62
9.65
9.68
9.7
9.73
9.75
9.78
9.81
9.83
9.86
9.89
9.91
9.94
9.97
9.99
10.02
10.05
10.07
10.1
10.13
10.15
10.18
10.21
10.23
10.26
10.29
10.31
10.34
10.37
10.39
10.42
10.44
10.47
10.5
10.52
10.55
10.58
10.6
10.63
10.66
10.68
10.71
10.74
10.76
10.79
10.82
10.84
10.87
10.9
10.92
10.95
10.98
11
11.03
11.05
11.08
11.11
11.13
11.16
11.19
11.21
11.24
11.27
11.29
11.32
11.35
11.37
11.4
11.43
11.45
11.48
11.51
11.53
11.56
11.59
11.61
11.64
11.67
11.69
11.72
11.74
11.77
11.8
11.82
11.85
11.88
11.9
11.93
11.96
11.98
12.01
12.04
12.06
12.09
12.12
12.14
12.17
12.2
12.22
12.25
12.28
12.3
12.33
12.35
12.38
12.41
12.43
12.46
12.49
12.51
12.54
12.57
12.59
12.62
12.65
12.67
12.7
12.73
12.75
12.78
12.81
12.83
12.86
12.89
12.91
12.94
12.97
12.99
13.02
13.04
13.07
13.1
13.12
13.15
13.18
13.2
13.23
13.26
13.28
13.31
13.34
13.36
13.39
13.42
13.44
13.47
13.5
13.52
13.55
13.58
13.6
13.63
13.65
13.68
13.71
13.73
13.76
13.79
13.81
13.84
13.87
13.89
13.92
13.95
13.97
14
14.03
14.05
14.08
14.11
14.13
14.16
14.19
14.21
14.24
14.27
14.29
14.32
14.34
14.37
14.4
14.42
14.45
14.48
14.5
14.53
14.56
14.58
14.61
14.64
14.66
14.69
14.72
14.74
14.77
14.8
14.82
14.85
14.88
14.9
14.93
14.96
14.98
15.01
15.03
15.06
15.09
15.11
15.14
15.17
15.19
15.22
15.25
15.27
15.3
15.33
15.35
15.38
15.41
15.43
15.46
15.49
15.51
15.54
15.57
15.59
15.62
15.64
15.67
15.7
15.72
15.75
15.78
15.8
15.83
15.86
15.88
15.91
15.94
15.96
15.99
16.02
16.04
16.07
16.1
16.12
16.15
16.18
16.2
16.23
16.26
16.28
16.31
16.33
16.36
16.39
16.41
16.44
16.47
16.49
16.52
16.55
16.57
16.6
16.63
16.65
16.68
16.71
16.73
16.76
16.79
16.81
16.84
16.87
16.89
16.92
16.94
16.97
17
17.02
17.05
17.08
17.1
17.13
17.16
17.18
17.21
17.24
17.26
17.29
17.32
17.34
17.37
17.4
17.42
17.45
17.48
17.5
17.53
17.56
17.58
17.61
17.63
17.66
17.69
17.71
17.74
17.77
17.79
17.82
17.85
17.87
17.9
17.93
17.95
17.98
18.01
18.03
18.06
18.09
18.11
18.14
18.17
18.19
18.22
18.24
18.27
18.3
18.32
18.35
18.38
18.4
18.43
18.46
18.48
18.51
18.54
18.56
18.59
18.62
18.64
18.67
18.7
18.72
18.75
18.78
18.8
18.83
18.86
18.88
18.91
18.93
18.96
18.99
19.01
19.04
19.07
19.09
19.12
19.15
19.17
19.2
19.23
19.25
19.28
19.31
19.33
19.36
19.39
19.41
19.44
19.47
19.49
19.52
19.54
19.57
19.6
19.62
19.65
19.68
19.7
19.73
19.76
19.78
19.81
19.84
19.86
19.89
19.92
19.94
