0
0
-0.001
-0.001
-0.001
-0.001
-0.002
0
0
-0.002
-0.003
-0.003
-0.003
-0.004
-0.005
-0.006
-0.005
-0.005
-0.007
-0.009
-0.009
-0.008
-0.007
-0.011
-0.001
0
-0.013
-0.039
-0.046
-0.026
-0.017
-0.012
-0.011
0.001
0.001
-0.012
-0.018
-0.015
-0.013
-0.018
-0.018
-0.016
-0.02
-0.022
-0.015
-0.012
-0.012
-0.011
-0.017
-0.021
-0.019
-0.019
-0.023
-0.024
-0.027
-0.028
-0.028
-0.025
-0.022
-0.026
-0.028
-0.025
-0.027
-0.03
-0.032
-0.032
-0.03
-0.027
-0.025
-0.028
-0.033
-0.036
-0.036
-0.035
-0.035
-0.036
-0.037
-0.039
-0.039
-0.04
-0.039
-0.04
-0.042
-0.043
-0.045
-0.046
-0.046
-0.044
-0.045
-0.05
-0.047
-0.013
-0.017
-0.059
-0.075
-0.065
-0.057
-0.072
-0.066
-0.039
-0.041
-0.05
-0.043
-0.041
-0.053
-0.051
-0.059
-0.064
-0.058
-0.058
-0.063
-0.064
-0.065
-0.067
-0.066
-0.066
-0.068
-0.068
-0.064
-0.065
-0.067
-0.065
-0.064
-0.066
-0.066
-0.065
-0.065
-0.067
-0.065
-0.064
-0.065
-0.064
-0.066
-0.068
-0.068
-0.069
-0.07
-0.072
-0.072
-0.072
-0.073
-0.072
-0.074
-0.075
-0.074
-0.074
-0.074
-0.074
-0.075
-0.073
-0.073
-0.073
-0.074
-0.073
-0.073
-0.072
-0.073
-0.074
-0.074
-0.076
-0.074
-0.074
-0.074
-0.073
-0.072
-0.072
-0.071
-0.071
-0.071
-0.074
-0.075
-0.073
-0.072
-0.073
-0.074
-0.071
-0.07
-0.075
-0.08
-0.082
-0.081
-0.078
-0.076
-0.076
-0.078
-0.077
-0.076
-0.076
-0.076
-0.074
-0.075
-0.074
-0.072
-0.073
-0.072
-0.073
-0.066
-0.064
-0.072
-0.046
-0.051
-0.076
-0.074
-0.067
-0.068
-0.072
-0.076
-0.073
-0.071
-0.081
-0.094
-0.081
-0.07
-0.07
-0.069
-0.069
-0.069
-0.07
-0.072
-0.063
-0.063
-0.067
-0.066
-0.069
-0.074
-0.077
-0.068
-0.062
-0.067
-0.111
-0.118
-0.089
-0.073
-0.053
-0.051
-0.057
-0.063
-0.061
-0.061
-0.063
-0.066
-0.067
-0.068
-0.065
-0.063
-0.064
-0.065
-0.067
-0.07
-0.067
-0.066
-0.067
-0.067
-0.068
-0.068
-0.067
-0.068
-0.069
-0.069
-0.069
-0.068
-0.067
-0.068
-0.068
-0.068
-0.068
-0.068
-0.068
-0.068
-0.069
-0.071
-0.073
-0.075
-0.075
-0.073
-0.072
-0.074
-0.078
-0.08
-0.079
-0.079
-0.081
-0.079
-0.078
-0.078
-0.08
-0.079
-0.08
-0.081
-0.082
-0.082
-0.081
-0.081
-0.082
-0.081
-0.081
-0.081
-0.08
-0.079
-0.079
-0.079
-0.097
-0.119
-0.098
-0.088
-0.087
-0.088
-0.088
-0.089
-0.089
-0.086
-0.086
-0.09
-0.091
-0.088
-0.087
-0.088
-0.091
-0.093
-0.094
-0.094
-0.091
-0.091
-0.089
-0.088
-0.088
-0.091
-0.093
-0.09
-0.092
-0.092
-0.094
-0.093
-0.096
-0.099
-0.095
-0.09
-0.094
-0.097
-0.092
-0.094
-0.096
-0.098
-0.098
-0.099
-0.096
-0.089
-0.094
-0.101
-0.1
-0.101
-0.1
-0.098
-0.095
-0.098
-0.097
-0.097
-0.094
-0.094
-0.098
-0.098
-0.099
-0.101
-0.1
-0.099
-0.099
-0.097
-0.098
-0.097
-0.1
-0.102
-0.1
-0.099
-0.098
-0.097
-0.096
-0.096
-0.097
-0.097
-0.097
-0.097
-0.097
-0.098
-0.098
-0.097
-0.096
-0.096
-0.095
-0.095
-0.094
-0.095
-0.094
-0.092
-0.098
-0.109
-0.102
-0.094
-0.092
-0.113
-0.118
-0.091
-0.095
-0.101
-0.094
-0.089
-0.086
-0.088
-0.089
-0.084
-0.086
-0.085
-0.089
-0.09
-0.085
-0.087
-0.088
-0.088
-0.084
-0.082
-0.082
-0.084
-0.09
-0.093
-0.089
-0.092
-0.09
-0.086
-0.085
-0.082
-0.077
-0.076
-0.082
-0.087
-0.085
-0.084
-0.081
-0.08
-0.083
-0.083
-0.081
-0.082
-0.079
-0.078
-0.08
-0.08
-0.086
-0.089
-0.091
-0.093
-0.085
-0.075
-0.084
-0.095
-0.095
-0.093
-0.091
-0.095
-0.094
-0.079
-0.065
-0.072
-0.093
-0.107
-0.1
-0.086
-0.069
-0.06
-0.068
-0.077
-0.073
-0.014
0.012
0.029
0.028
-0.036
-0.106
-0.114
-0.054
-0.064
-0.124
-0.066
-0.054
-0.063
-0.081
-0.089
-0.076
-0.08
-0.082
-0.077
-0.082
-0.084
-0.081
-0.082
-0.083
-0.083
-0.087
-0.09
-0.088
-0.088
-0.091
-0.09
-0.092
-0.095
-0.096
-0.096
-0.095
-0.095
-0.097
-0.097
-0.096
-0.096
-0.098
-0.099
-0.098
-0.098
-0.098
-0.098
-0.102
-0.107
-0.109
-0.111
-0.109
-0.106
-0.108
-0.111
-0.114
-0.116
-0.115
-0.113
-0.115
-0.115
-0.113
-0.112
-0.112
-0.112
-0.11
-0.107
-0.11
-0.112
-0.114
-0.116
-0.113
-0.113
-0.111
-0.109
-0.112
-0.107
-0.103
-0.114
-0.118
-0.118
-0.122
-0.125
-0.125
-0.125
-0.125
-0.126
-0.127
-0.128
-0.124
-0.126
-0.127
-0.143
-0.178
-0.162
-0.14
-0.132
-0.129
-0.124
-0.125
-0.127
-0.126
-0.128
-0.128
-0.125
-0.126
-0.127
-0.124
-0.122
-0.122
-0.125
-0.129
-0.131
-0.128
-0.127
-0.131
-0.132
-0.131
-0.13
-0.131
-0.132
-0.131
-0.132
-0.131
-0.13
-0.131
-0.132
-0.133
-0.134
-0.132
-0.133
-0.133
-0.132
-0.133
-0.132
-0.132
-0.13
-0.129
-0.129
-0.128
-0.129
-0.128
-0.128
-0.128
-0.123
-0.105
-0.115
-0.128
-0.128
-0.13
-0.131
-0.13
-0.131
-0.129
-0.125
-0.123
-0.126
-0.128
-0.129
-0.129
-0.129
-0.131
-0.131
-0.127
-0.126
-0.127
-0.127
-0.124
-0.124
-0.124
-0.123
-0.122
-0.121
-0.122
-0.125
-0.121
-0.117
-0.113
-0.114
-0.116
-0.118
-0.118
-0.115
-0.115
-0.116
-0.118
-0.118
-0.116
-0.114
-0.116
-0.113
-0.11
-0.112
-0.114
-0.112
-0.113
-0.112
-0.111
-0.112
-0.113
-0.111
-0.11
-0.109
-0.107
-0.106
-0.105
-0.103
-0.103
-0.105
-0.108
-0.108
-0.105
-0.101
-0.103
-0.108
-0.108
-0.104
-0.103
-0.104
-0.101
-0.103
-0.104
-0.104
-0.102
-0.101
-0.101
-0.1
-0.101
-0.101
-0.104
-0.105
-0.104
-0.101
-0.101
-0.1
-0.099
-0.1
-0.1
-0.099
-0.099
-0.1
-0.1
-0.101
-0.099
-0.096
-0.096
-0.098
-0.1
-0.102
-0.104
-0.109
-0.108
-0.103
-0.104
-0.106
-0.105
-0.105
-0.107
-0.106
-0.105
-0.106
-0.106
-0.106
-0.106
-0.107
-0.11
-0.108
-0.105
-0.104
-0.1
-0.102
-0.107
-0.107
-0.102
-0.103
-0.104
-0.103
-0.099
-0.1
-0.108
-0.112
-0.111
